,flw_output_of_belt_coal_fdr_a1_t_h,flw_output_of_belt_coal_fdr_a2_t_h,flw_output_of_belt_coal_fdr_b1_t_h,flw_output_of_belt_coal_fdr_b2_t_h,flw_output_of_belt_coal_fdr_b3_t_h,flw_output_of_belt_coal_fdr_b4_t_h,flw_output_of_belt_coal_fdr_c1_t_h,flw_output_of_belt_coal_fdr_c2_t_h,porcentagem_de_ar_primario_,burner_perc_do_ar_total_,lower_perc_do_ar_total_,coal_perc_do_ar_total_,temp_1_of_furnace_a_inner_adegc,pressure_of_furnace_a_lower_kpa,pressure_1_of_furnace_a_bed_kpa,pressure_3_of_furnace_bed_kpa,press_2_3_of_furnace_b_bed_kpa,pressure_1_of_furnace_b_bed_kpa,pressure_of_furnace_b_lower_kpa,temp_1_of_furnace_b_inner_adegc,furnace_bed_temp_1_3_sel_adegc,furnace_bed_temp_10_12_sel_adegc,furnace_bed_temp_4_6_sel_adegc,furnace_bed_temp_13_15_sel_adegc,furnace_bed_temp_7_9_sel_adegc,furnace_bed_temp_16_18_sel_adegc,temp_3_of_furnace_b_inner_adegc,temp_3_of_furnace_a_inner_adegc,pressure_of_furnace_a_medium_pa,pressure_of_furnace_b_medium_pa,differential_prs_of_furnace_b_kpa,differential_prs_of_furnace_a_kpa,temp_of_furnace_a_outl_adegc,temp_of_furnace_b_outl_adegc,pressure_1_of_furnace_b_upper_pa,pressure_1_of_furnace_a_upper_pa,prs_hot_sa_saf_a_in_aph_outl_kpa,temperature_of_cyclone_a_inlet_adegc,temperature_of_cyclone_b_inlet_adegc,temperature_of_cyclone_c_inlet_adegc,u_valve_a_inlet_static_prs_kpa,u_valve_b_inlet_static_prs_kpa,u_valve_c_inlet_static_prs_kpa,te_of_gas_in_ecmz_side_a_outl_adegc,te_of_gas_in_ecmz_side_b_outl_adegc,prs_of_gas_in_ecmz_side_b_outl_kpa,temp_of_gas_in_ltr_side_a_outl_adegc,temp_of_gas_in_ltr_side_b_outl_adegc,prs_of_gas_in_ltr_side_b_outl_kpa,prs_of_gas_in_ltr_side_a_outl_kpa,prs_of_gas_in_ltr_side_a_inlet_kpa,temp_of_gas_in_ltr_side_a_inl_adegc,temp_of_gas_in_ltr_side_b_inl_adegc,prs_of_gas_in_ltr_side_b_inlet_kpa,drum_pres_sel_mpa,side_a_drum_level_sel_mm,side_b_drum_level_sel_mm,deaerator_upstream_pressure_mpa,deaerator_water_level_mm,deaerator_pressure_mpa,t_bfbp_b_inlet_temperature_adegc,flw_of_cnd_water_before_dea_t_h,temp_of_cnd_water_of_dea_inl_adegc,fsh_outl_hdr_temp_adegc_min,fsh_outl_hdr_pres_mpa_mi,hi_te_rh_ol_temp_adegc_min,hi_temperture_reheol_pres_mpa_mi,cur_of_secondary_air_fan_mtr_a_a,cur_of_secondary_air_fan_mtr_b_a,cur_of_primary_air_fan_mtr_a_a,cur_of_primary_air_fan_mtr_b_a,prs_air_in_stm_aph_paf_b_outl_kpa,prs_air_in_stm_aph_paf_a_outl_kpa,pressure_of_sa_fan_b_outlet_kpa,pressure_of_sa_fan_a_outlet_kpa,sa_fan_a_fq_speed_feedback_rpm,sa_fan_b_fq_speed_feedback_rpm,pa_fan_a_fq_speed_feedback_rpm,pa_fan_b_fq_speed_feedback_rpm,so2_concentration_raw_flue_gas_mg_m3,dust_concentrat_raw_flue_gas_mg_m3,id_fan_a_outlet_pressure_kpa,id_fan_a_move_impeller_pos_fdb_,cur_of_induced_draft_fan_mtr_a_a,idf_a_volumetric_flow_rate_cal_m3_s,dev_of_current_a,id_fan_b_outlet_pressure_kpa,id_fan_b_move_impeller_pos_fdb_,cur_of_induced_draft_fan_mtr_b_a,idf_b_volumetric_flow_rate_cal_m3_s,esp_comb_with_ff_b_outl_temp_adegc,esp_comb_with_ff_b_outl_prs_kpa,esp_comb_with_ff_b_inl_prs_1_kpa,esp_comb_with_ff_b_inl_prs_2_kpa,esp_comb_with_ff_a_inl_prs_2_kpa,esp_comb_with_ff_a_inl_prs_1_kpa,temp_of_gas_in_aph_outl_adegc,prs_of_gas_in_aph_outlet_kpa,te_of_hot_pri_air_in_aph_outl_adegc,prs_hot_pri_air_in_aph_outl_kpa,aph_main_motor_phase_w_current_nan,aph_main_motor_phase_u_current_nan,cur_of_hpa_fan_mtr_c_a,cur_of_hpa_fan_mtr_b_a,cur_of_hpa_fan_mtr_a_a,prs_of_hpfa_fan_a_outlet_head_kpa,temp_of_hpfa_fan_a_outl_adegc,temp_of_hpfa_fan_b_outl_adegc,prs_of_hpfa_fan_b_outlet_head_kpa,temp_of_hpfa_fan_c_outl_adegc,prs_of_hpfa_fan_c_outlet_head_kpa,te_of_hpfa_fan_outl_head_pipe_adegc,prs_of_hpfa_fan_outl_head_pipe_kpa,unit_actual_mw,vacuum_pres_from_tcs_kpa,hot_reheat_steam_temperature_1_adegc,hot_reheat_steam_pressure_mpa,miain_steam_temperature_adegc,main_steam_pressure_mpa,main_steam_flow_sel_t_h,feed_water_flw_sel_t_h,drum_level_sel_mm,total_fuel_flow_t_h,o2_avg_,total_paf_air_flow_knm3_h,total_air_flow_knm3_h,bed_temperature_average_adegc,furnace_pres_pa,media_horaria_so2_apos_fgd_mg_nm3,so2_con_clean_flue_gas_rectifi_mg_m3,so2_con_raw_flue_gas_rectified_mg_nm3,1_lms_pdr_bin_continous_lvl_m,2_lms_pdr_bin_continous_lvl_m,lms_pdr_bin_flud_air_htr_ol_te_adegc,lms_pdr_bin_flud_blwr_ol_prs_kpa,te_no_8_hp_heater_ol_feed_wtr_adegc,te_no_7_hp_heater_ol_feed_wtr_adegc,te_no_6_hp_heater_ol_feed_wtr_adegc,temp_of_4_lph_outl_wtr_adegc,temp_of_3_lph_outl_wtr_adegc,prs_of_condensate_pump_a_outl_mpa,prs_of_condensate_pump_a_inlet_kpa,prs_of_condensate_pump_b_inlet_kpa,prs_of_condensate_pump_b_outl_mpa,temp_of_cnd_pump_outl_header_adegc,flw_total_a_t_h,flw_total_b_t_h,flw_total_c_t_h,status_operacao
flw_output_of_belt_coal_fdr_a1_t_h,1.0,0.9147427340675991,0.8933413683758044,0.8784018793853019,0.9166560883106614,0.9146387888825728,0.9237531640020965,0.9275687249707709,0.8489347860415128,-0.09464102930425547,-0.060417486049144674,0.3879035526781808,0.31503179988841085,0.8002844832256379,0.8662905337920779,0.835479692743954,0.7227348920057044,0.6944163477692069,0.4011046884925406,0.9299071161305229,0.918164952112042,0.9206279093374238,0.9203019330884107,0.914602446836304,0.9213743373040377,0.9364804458038635,0.9405765940898141,0.5985520892179814,0.7743360126173682,0.34531002973042796,0.9022568298243301,0.40075027784049516,0.9392095489209814,0.28607720516665014,-0.06712595228096468,-0.0802319985505615,0.4052545254010896,0.938256439992264,0.9398828053746121,0.31461903761605325,-0.8873869227201359,-0.8270974994379223,0.3727492221530007,0.9217892238960717,0.26813255543122666,-0.9487819161959204,0.9270518026108895,0.2917489319091091,-0.9480781832023732,-0.9307602069781882,0.3937002950045305,0.9371156700541032,0.30769155724876995,0.3370603016522266,0.08613451027383093,0.3086473234740116,0.5360220481567125,0.2172629160599109,0.5406411891272344,0.3641444897545768,0.5469736332737695,0.48506408927584305,0.26853345628814335,-0.018681658333323865,0.007263949834394499,-0.005971133387023029,0.37780090745856826,0.7754399368937368,0.6066896705619461,0.8511475036891843,0.35370530979151005,0.9140179593814163,0.724173826902482,0.8949079323344326,0.14433157871887067,0.39552972036140627,0.353155953632533,0.12964865758881758,0.46077278633100305,0.29864511321482606,-0.43015463002350046,0.2617458613564632,0.4064058194610632,0.9008375167353122,0.33804650711003686,0.15767823328945926,0.2065284618226553,0.4145773417930884,0.8751255308532218,0.6830062310472793,0.19793508164469298,-0.7974223116388113,-0.9461005756718605,-0.9490257074121845,-0.9490728072132251,0.3312586575891287,0.21669925303707943,0.36178920751121385,0.31336663945269483,0.8080021450444864,0.4024066769574735,0.189910174714905,0.28979016852702366,0.6566735929073698,0.5918305463494671,0.5938630636807258,0.5698321885992199,0.3981543103996359,0.4463358222609505,0.1553438086358026,0.32247089643424853,0.5849850095953959,0.5343440195308735,0.2849367543718541,0.3886289284813167,0.2956890245468773,0.37196983842328274,0.31000412864417487,0.44148795744972835,0.9522885779853271,0.3298503538563997,0.6151828019105104,0.34293862106631573,0.38487552222572396,0.7738284647880465,0.9354977334726297,0.13136820886460765,0.14746940920189894,0.24745639456361282,0.4307243615632289,-0.2664178244394283,0.2672697110912797,0.08013444978476715,0.43611625627863543,0.5419600933361464,0.9350486385393292,0.924892880196059,0.826928013128536,0.8875663009324933,0.256267939394849,-0.41313661873850593,-0.8929874705884834,-0.475372452809015,0.25176654910555146,0.06708052100745007,0.9772905757237377,0.9406759253231273,0.9375820760399961,0.9357303384152409
flw_output_of_belt_coal_fdr_a2_t_h,0.9147427340675991,1.0,0.8630697877787696,0.8665703800873085,0.9075406600371888,0.9084110350364312,0.9096642333288811,0.9147943712775549,0.8432780866040398,-0.09272877333795665,-0.058975162900749625,0.41437580978830835,0.2715033440850123,0.7987762829604917,0.8634137491491503,0.8271761241191544,0.7065148939965615,0.671569781515256,0.4273645989327783,0.9169247815337892,0.9104391590518947,0.9103521878846764,0.9118923155984116,0.9042961550193059,0.9160922953141429,0.9251390419638332,0.9269949480437056,0.5593302992457324,0.7580342025853941,0.3036555627105928,0.8922425677612357,0.42550448168692645,0.9325981197252888,0.24377450929690714,-0.0799703412969821,-0.07614858408428095,0.4304683831807639,0.9308040110313079,0.9323021228090926,0.26994675936160545,-0.8641808377518221,-0.8291957542818567,0.3989903618341457,0.9115940338212655,0.22688213452536196,-0.9402879186655755,0.9171270512930885,0.24884455519531395,-0.9385753058969217,-0.9129286551548423,0.41989394594902524,0.9306211768073657,0.26357418176858344,0.3665342010316704,0.08340134428974737,0.31608376997968884,0.5615603089655382,0.24126891202591672,0.537511314767943,0.3904851035350433,0.5698093855033672,0.43978143179277585,0.22468142559929632,-0.019749469113188933,0.010295522563152056,-0.011096660090282982,0.4184636093543032,0.7956927628974683,0.6244215485445493,0.8434760149324269,0.3101838122357547,0.9060468591052008,0.6922820482460396,0.8810417946315373,0.11703726852489021,0.34036240935274037,0.31899051702964737,0.1360288808685367,0.4887322547045437,0.2553534199261157,-0.40879200044976166,0.2892810123614489,0.433642296128374,0.9002575918641691,0.2923538344231087,0.12038754961787357,0.23079048167842095,0.4415401510373909,0.8780608398210341,0.6496974249567248,0.1561291012029112,-0.7704755273490326,-0.9379573753371355,-0.9389969592751811,-0.9418108435435559,0.359243358624846,0.17478452275984704,0.3880467934946391,0.2722577219567948,0.7956697382520984,0.39350407137730087,0.16795011784967723,0.28973406766711296,0.6815114449284838,0.6302902586212411,0.62550763998096,0.5479427347514276,0.3649108859891778,0.42452046439913677,0.13177566649871605,0.343568623160274,0.568801436256,0.5599151421921625,0.24077142367635884,0.42302946922587037,0.2505781420449889,0.397256388333012,0.2651283527740211,0.46925174627418254,0.941807055556309,0.2854440194230491,0.6420460468830921,0.29566606847632826,0.4116589595114428,0.7867144640100275,0.9265516548598294,0.1113193481456768,0.15542071046960668,0.2321875856919477,0.45521704184809664,-0.2963433456846553,0.2615867357546532,0.1060321948687597,0.424024868718202,0.5647888387043709,0.920071755112003,0.9070598029252049,0.7961891373577018,0.8619080948530989,0.2111188456412832,-0.43768384571540425,-0.8806181530907501,-0.4348469845782793,0.27785174320222283,0.026474739853337204,0.972403099388926,0.9278711296957745,0.9245603571338658,0.9252864247354398
flw_output_of_belt_coal_fdr_b1_t_h,0.8933413683758044,0.8630697877787696,1.0,0.8350580744961801,0.8801389109354116,0.8853377528204972,0.8938802799810674,0.8989723938986206,0.8214870883339377,-0.08230389050599851,-0.058657730387434846,0.34139668673452933,0.33577072844527706,0.7806029719708567,0.8361103689531385,0.8138705868592251,0.7148554298059947,0.6803409550278611,0.3583094719154602,0.9037263590384154,0.8856274443394216,0.8913780011963691,0.8922923144844435,0.8876393056359578,0.8952519378232637,0.9106581489896851,0.9126794127610394,0.5972058037554817,0.7434585823629285,0.37184335546151487,0.865596275789938,0.35635743099274186,0.9087824858642393,0.3092300347066199,-0.051376884859245464,-0.08615153944456846,0.3621867344075952,0.9106148026434405,0.9119289882535907,0.3372347751775373,-0.8636243739988904,-0.7881053661212022,0.33115196764169386,0.895167408037783,0.2921426446035865,-0.9169523976864573,0.8993956454087305,0.31542408380032433,-0.9165240486591907,-0.9082888211152503,0.35112155841907294,0.9086885073290281,0.33074074296701544,0.29390675673962136,0.02273946835989463,0.27029921827586606,0.5217383561077169,0.1650574593573502,0.5437417785519745,0.32413090259358524,0.5004709177197982,0.5027598877780642,0.2909074279468698,-0.019688590653730367,0.004604348727959962,-0.007968898358288679,0.34431436482104005,0.7538769362751271,0.5624656154723031,0.8199910768167135,0.3687218756836154,0.8849195651875357,0.7172231311004255,0.869954256607837,0.09851102825405349,0.3885118403739596,0.37063933677801353,0.14994899605166667,0.4276449975088004,0.3189203638227389,-0.41114421342706986,0.2523617943032858,0.368157363756389,0.8667990542442414,0.3626661571370462,0.13857963257778125,0.23073163154926965,0.36698638115281035,0.8427558031854568,0.6917004648875582,0.2235662567642735,-0.7847242675025119,-0.9141573230467862,-0.9206339201301798,-0.9189261287877546,0.2948920224399126,0.24184932575228027,0.320911558604814,0.33595983346287317,0.7886328312530337,0.37458339861720136,0.13239198312242,0.2890825619467085,0.6272999393067594,0.55003622556146,0.5521618530157079,0.5921445623609606,0.4309322501614422,0.42161256816650433,0.12041243750023095,0.28587043160733777,0.5880846109945835,0.48847614863107613,0.3192103688238746,0.3450595964260882,0.31403748180568575,0.3306539558201021,0.32865983544042743,0.3962809908111358,0.9267068102690197,0.3415012911636031,0.5786987651021357,0.3679145897548554,0.3399985241791571,0.7310575344378587,0.9160036804890976,0.16050644757146443,0.12091089477688119,0.22081896053125702,0.3926008984526671,-0.24979833621857733,0.25613406860614185,0.06686254205733484,0.4318798069806388,0.496896293230656,0.9132214440425687,0.9044505749732132,0.8210980007210675,0.8776002380853689,0.27705478019177926,-0.36583483615688,-0.8651898976494622,-0.4938648313461251,0.2267159795492078,0.08457361677732861,0.894221270937233,0.9440087115760224,0.9086729223371959,0.9113999653916912
flw_output_of_belt_coal_fdr_b2_t_h,0.8784018793853019,0.8665703800873085,0.8350580744961801,1.0,0.8874823272676543,0.8972106910028967,0.8959624039782677,0.9006624640793497,0.8496938135339835,-0.12692441101625582,-0.09040603904488403,0.4833613935412652,0.261218345875724,0.8198050712422178,0.857510961909049,0.8358330569908661,0.7044358356873056,0.6718897048748433,0.49822543569428435,0.9151041764065065,0.9147897856097447,0.9074764664697266,0.9164284282497068,0.9096421160799356,0.9180584750899566,0.9236789249449436,0.924802735578186,0.5636673704943611,0.7750491669676962,0.29230377707449895,0.8932365360854145,0.4955645242284324,0.9307443564628327,0.2285842700927805,-0.021317535008742058,0.04614660969539424,0.5007350126348559,0.9282177125274648,0.9332809486058163,0.26040787643589336,-0.8508004622090908,-0.8368626822551352,0.4709026530610454,0.9117301182894253,0.21124246808149916,-0.9308711756160288,0.917382228954372,0.23801908893709098,-0.9284403713081055,-0.8987435402470803,0.4896021636551506,0.928491558150877,0.2537860041793976,0.4340190851063241,0.05212461235713256,0.3608126815489257,0.5654941896226966,0.3138929462576285,0.5374772789795872,0.4651172908148829,0.6347436514058142,0.43983629538945035,0.20412607192409157,-0.013423915504693495,0.004904137068826494,-0.0008842155429346939,0.4758431286083343,0.8228063002445245,0.6938974417033489,0.8441715354962526,0.2875573613120329,0.8994894149564825,0.690883389735525,0.8860964999405152,0.1735194685317904,0.32993384504948947,0.2768793686420669,0.1493949800089876,0.5457848997202978,0.2464482803809189,-0.4283754325405811,0.37907970027515536,0.5124051415107702,0.8927219611775613,0.25745148816559743,0.031239768049833798,0.37992365826107993,0.48684811379958626,0.8751151925870866,0.6313786683397433,0.13159443180677172,-0.7724286903498857,-0.925971391526929,-0.9290286687548774,-0.9316869489029342,0.4308351432287655,0.15181101040956677,0.46090386943649814,0.2616000835976409,0.8051566378515771,0.3794281677521099,0.16550286515282248,0.3403035804777468,0.6817889529369546,0.6705573856471769,0.6909185500006787,0.6275596403973568,0.3880008449544968,0.47542004540411625,0.11617507259461668,0.41235628461399565,0.5775095442980869,0.622608593634132,0.24435258031136892,0.4534538913230709,0.22923212954092434,0.47071778875368664,0.24952502479880675,0.5332902773758241,0.9321351526556534,0.2612789716657369,0.6831900252963212,0.2867253448757208,0.4795653861322654,0.8237826963400555,0.9172055731801946,0.13201303747741677,0.22547370225617921,0.2855987055804885,0.5279003390899807,-0.24842866458384216,0.3358971777389822,0.24355698567473447,0.35665523969989177,0.628788698756512,0.9151266275324313,0.9023652083240808,0.7952608941268752,0.8579815661379155,0.17988776021664932,-0.49826063221043204,-0.8825337835389133,-0.43421787472680823,0.37003972309518796,-0.008809284171731326,0.8872119526122845,0.9540210951918524,0.9100607028361534,0.926338300955691
flw_output_of_belt_coal_fdr_b3_t_h,0.9166560883106614,0.9075406600371888,0.8801389109354116,0.8874823272676543,1.0,0.8938210740709076,0.9000775916699144,0.9062079120525922,0.8343226985524409,-0.10227405522473527,-0.07532061706488219,0.4136461849183346,0.26228168968566556,0.807399846687865,0.8579977075242312,0.826426700594356,0.6962042034392053,0.6573010218973672,0.4259691393680562,0.916471995842357,0.911613067429975,0.9076407904870436,0.9132016176865205,0.9035338476998824,0.9138035195287116,0.9241924701482237,0.9280776916365454,0.545553289085795,0.7462192718911537,0.2992996130557104,0.8813503376664238,0.42482195666874656,0.9309479627075042,0.24255632391843682,-0.006980401266980519,-0.014392526796020511,0.4300839214342275,0.9316819611797591,0.9328814121731335,0.2616438886317979,-0.8542893564158937,-0.8247996902348813,0.39364954537101843,0.908870888530903,0.2169408384169208,-0.9358838317510962,0.9157237298253751,0.23993609868444285,-0.9334452682694111,-0.9062293008241714,0.418852731901484,0.9301220074700758,0.2545909218981083,0.3674720218075532,0.01641091423256165,0.13660135142000923,0.46895322719735916,0.2146094960585445,0.4611725331583261,0.38843808059743756,0.5689994470688594,0.4323865114443359,0.2208465585189589,-0.020305736147633334,0.011233237788089998,-0.010737091425820224,0.4165623848364879,0.7827066608690751,0.6187863634394664,0.8422575145815874,0.2975540500994767,0.9048663697237003,0.676551618824149,0.8672060084710488,0.1057322063479234,0.31864077660596923,0.30043887389629803,0.11956987943388102,0.48734400727077165,0.24499339086915656,-0.3967759334704188,0.29797440644397966,0.44472639367517813,0.8946494062113577,0.28011135018207295,0.12167127247363609,0.2879092905168334,0.4464846396775323,0.8707318865868632,0.6269475263329031,0.1503782765104733,-0.7662816468357877,-0.9355778794212003,-0.9360163340268799,-0.9380520714292493,0.35043192591531647,0.16829022396838525,0.383158852926034,0.26167295713079786,0.7793385056783768,0.3823378857679016,0.18558112705613775,0.2835353610966174,0.635512541281549,0.5937333907462929,0.5995066083659742,0.5396027465543716,0.3486054641646557,0.4187872857308849,0.146415135932462,0.3312815606526714,0.5383085261278981,0.5580367968350699,0.23399892724757373,0.4070702204861789,0.23740815338525587,0.39302520658838674,0.25299046518649154,0.46965788320815893,0.9405634717059232,0.2649002962452928,0.5969011913286557,0.28892270857739916,0.4118481336445501,0.7826157423535252,0.9170674332519468,0.11581093504841969,0.17102080382576954,0.23439954040256317,0.45166338334053596,-0.2541100104237353,0.2658994638753934,0.14946417716441526,0.3507529978827475,0.5530137441351901,0.9187174614525866,0.9047366837125028,0.7915481146260137,0.8602974722023219,0.20637289184047952,-0.43892584867818457,-0.8799452788156646,-0.4153142650009548,0.27576017366566924,0.036861106453285546,0.9327288959718676,0.9577117226330344,0.910144996850126,0.921366821640554
flw_output_of_belt_coal_fdr_b4_t_h,0.9146387888825728,0.9084110350364312,0.8853377528204972,0.8972106910028967,0.8938210740709076,1.0,0.921336880214269,0.9298861680607713,0.8389043589289902,-0.0963313786043894,-0.06884442469516869,0.4641108269395839,0.2295636577512042,0.8141603414491696,0.8622163909391243,0.8223198618428077,0.6729615811443448,0.6445838474171496,0.4735787333150591,0.9173899180060052,0.9162209076225315,0.9064717681423023,0.9131621125946581,0.9043803451249494,0.9137054895319565,0.9217750330605841,0.9275092395535478,0.5313734992679175,0.7438653630891705,0.2577804200961829,0.8751745429346756,0.47428925860089194,0.9311833430272973,0.20481249143601443,-0.038899744119913766,-0.002290119274652636,0.4791539110195802,0.9305080297807294,0.9323602191555165,0.22907693974774476,-0.8513487186333673,-0.8345745584774833,0.4443107598798022,0.9091682947988277,0.1838688277048512,-0.9394187318026302,0.9141308804168559,0.2076496684070574,-0.9362183417471035,-0.9037767838519124,0.4683982231472164,0.9302357128832022,0.22284074939055895,0.41644539043772905,0.02884311839354423,0.245089404602343,0.5122816766921167,0.2698441247424019,0.4787369871763983,0.4400651075909206,0.617486949650287,0.40477849643624364,0.18282735007124187,-0.01828762545787714,0.0114161191832678,-0.0039229667178405335,0.4696941896505354,0.819814784717115,0.6693641313713311,0.8541002978406503,0.27080666434545936,0.9087571656237364,0.6600551646711217,0.8693922009715455,0.11186174823665902,0.2958073318560607,0.27540749596429265,0.11356029548410666,0.5377963468155175,0.2195583748540919,-0.4389240265593462,0.35912558461156174,0.4904456915678825,0.9106575729722263,0.25352809983146046,0.0913563540309639,0.3457349195944116,0.49345294468422674,0.8909033078507995,0.6180687191975315,0.11279623413289117,-0.773031888062347,-0.9374968940409717,-0.9409106613024413,-0.943619221153208,0.40618474779167213,0.1314501322234057,0.43416145779504073,0.2311220401427704,0.7851650092854454,0.3689962194740234,0.2195272729803494,0.30433435177911927,0.6439437985235209,0.6103575957189016,0.629674895605199,0.5340110875370387,0.3266055920223981,0.4597174027265491,0.1752727115494894,0.38680519912072436,0.5386495350863247,0.6071289652077811,0.2050439917564842,0.45444589042199485,0.20736574514337797,0.4420104573545358,0.22311756174013817,0.5207135672319774,0.9414386171255419,0.23384010249877474,0.6530462951405043,0.25840865403609314,0.4622611651947801,0.8176507955285733,0.9249346519798143,0.0856544678908642,0.2023824184584219,0.2500669351571401,0.5007120573189251,-0.3211812361726251,0.22744590978649848,0.1842502370581988,0.34257037390681394,0.5995595373914387,0.9119425252062389,0.8953510836119339,0.775845199592586,0.8478043639534973,0.16558699551358527,-0.47908518959361257,-0.876563961322523,-0.4007440537243533,0.3353751906253733,-0.016206807207554193,0.9288799601838592,0.9601783908707079,0.9298243928523808,0.9183771315238265
flw_output_of_belt_coal_fdr_c1_t_h,0.9237531640020965,0.9096642333288811,0.8938802799810674,0.8959624039782677,0.9000775916699144,0.921336880214269,1.0,0.9424987688610448,0.8453276796265127,-0.11200273064844303,-0.06681416828243691,0.4176123023215367,0.28249298021047925,0.8100729449115902,0.8643375500403243,0.8372485166637521,0.7083302216345909,0.6617612046465604,0.43117526648640536,0.9270103609117551,0.9202204252557542,0.917490967857196,0.9206299140866738,0.9148011213468122,0.9230581940405629,0.9351961713519202,0.9380545407063257,0.5734263083489464,0.7615849878865517,0.31197309754305597,0.8853947330312306,0.42978708681264055,0.9400504899552096,0.25082731283828874,-0.057090541818665526,-0.024253222647973454,0.435258927219044,0.9394261600482625,0.9407702367813628,0.2818658345311582,-0.8740576770975272,-0.8245074678071425,0.40256012859780466,0.9199863539702792,0.2348738181207735,-0.9487923966763263,0.9241173271573645,0.259545367532834,-0.9467772395980026,-0.9230510426415096,0.42400629344887936,0.9384245892781965,0.2755326849752087,0.3686371378016966,0.13647975861968692,0.32946085417839815,0.5098390578645003,0.26056855808202245,0.503707548137216,0.39887937185233335,0.5798773901659566,0.4559137819284178,0.23467922130637422,-0.018201885796540716,0.0075525808875978,-0.005906988089366631,0.4260732931313337,0.8193400718847637,0.6380501744236533,0.8532231057253296,0.31596305627405485,0.9160938954835469,0.6982814540773933,0.8926443011023695,0.10419692818719982,0.34175917606479467,0.3254913494445795,0.13946957102903546,0.4965846804613027,0.2613662370816052,-0.42452298948533806,0.29905306662725184,0.43524015706299257,0.9084170585616389,0.2835858326118163,0.11437952717022506,0.2521224355037922,0.4667910486100714,0.8963718786171397,0.6604949960641346,0.16395213847355947,-0.7953894046391811,-0.946978598702574,-0.9509473786867662,-0.9523245717536264,0.36339808750164937,0.18284916806350188,0.39218756394135973,0.281657749101346,0.8070842075265705,0.3869320246768171,0.20704356121101133,0.2828090672465808,0.663458097020279,0.61287135448385,0.6206449246721802,0.5443205245134216,0.3595079029021861,0.4580126037956961,0.17095060716615484,0.34925450141995446,0.5678670659387721,0.5656108217192102,0.25976532409801906,0.4109556654523614,0.25704636851736706,0.40111332082586787,0.2727451392900338,0.47501300446752354,0.9524882278695939,0.30733210800216804,0.621986958883259,0.3114571623598489,0.41708532347454885,0.7954187816877123,0.9342473898840697,0.11708525722435456,0.1765898433853155,0.2514283548182883,0.46327684795341295,-0.2874720090824581,0.1989762794451512,0.10413884837810045,0.3821986036565728,0.5631366277304959,0.9289059147162081,0.915182411613469,0.8090583467423674,0.8769740232965874,0.21834775497622497,-0.4366467145519517,-0.8900425635931868,-0.4475487445803472,0.2912447893019961,0.033032368022638946,0.9356067998759331,0.9422942963149549,0.9784174465932308,0.9356466881618637
flw_output_of_belt_coal_fdr_c2_t_h,0.9275687249707709,0.9147943712775549,0.8989723938986206,0.9006624640793497,0.9062079120525922,0.9298861680607713,0.9424987688610448,1.0,0.8457504878864365,-0.09538553315693216,-0.07048857203652834,0.4522880724881498,0.2556665725605047,0.8243980907509209,0.8697170257697856,0.8387541172021941,0.7017018740618974,0.6471258592744562,0.46431244002583894,0.9293413615001387,0.9243919601999828,0.9172980091604471,0.9227517538601387,0.9153679154858144,0.9259017983721768,0.9369185636687521,0.9398107278500033,0.5542247928292641,0.755725138719295,0.28390836534398084,0.883158650440595,0.46323983548904313,0.9429813318437745,0.2299183089657,-0.03842223964976698,-0.007247162473471183,0.46849838904462443,0.9411438623792098,0.9432111303610685,0.2560290928011706,-0.8698776228704865,-0.8408687496922361,0.43342853258435887,0.919776144872761,0.20786943128422947,-0.9507009566902854,0.9244978593721841,0.23312578116289212,-0.9478760325328353,-0.9191416213692496,0.45745684509836215,0.9403562237262517,0.24909882095526975,0.40372206532867017,0.04281129867106266,0.2518656440434617,0.5139549341719458,0.27217017928603127,0.4894471821042028,0.4294221840830966,0.6127324527171436,0.4325778648680538,0.20715031223987432,-0.01841727422015555,0.008095659232929845,-0.00809140284511067,0.46064597685721487,0.8308930351562408,0.6653929879663258,0.8642999628272771,0.2970566241101511,0.9191222591832678,0.6838071355338456,0.886356688681868,0.10499670013441356,0.31729879117044507,0.29878618256972944,0.11431333097713346,0.5256057012223606,0.23405903298871478,-0.43382605858048073,0.3433550192611058,0.4794231228038502,0.9178810093922495,0.27798933686163485,0.1081679869771664,0.3198615481823845,0.4841105534554099,0.8971007412504879,0.6425584796373696,0.1356308048183956,-0.7928088713929717,-0.9501537319025989,-0.9529315380209029,-0.954915128480242,0.394396608611589,0.1548534963074649,0.42298867091757525,0.2557899177795602,0.798081853137828,0.3778262055912966,0.2242145529087913,0.3007474808742803,0.6474884977587363,0.6091425613285113,0.6255385567404832,0.5510845620972031,0.34673461094314406,0.47095081290061785,0.1706555707812443,0.3739555959200745,0.5511133852136577,0.5989716142765282,0.2312793778708437,0.4376312718304403,0.23070159123832873,0.43154007386346704,0.2467070202716253,0.5101357234149427,0.9530851931868098,0.26218427908243713,0.6448710698040944,0.2850429970513974,0.4505485271375813,0.8167167669816814,0.9345381262090158,0.09655018937396401,0.19818811185518706,0.2581333720159333,0.4912506398770403,-0.3134995760398933,0.21684167638869983,0.17115299307388213,0.3582700927551432,0.5930095463515567,0.9255815485576537,0.9101224982957413,0.7971930437892786,0.8666922679497848,0.19087694277083928,-0.4690472194601531,-0.8891891106922161,-0.4262761197616676,0.3219663228483342,0.0038822967290440187,0.9385518231045418,0.9469919669295774,0.9822698392906375,0.9402975127492055
porcentagem_de_ar_primario_,0.8489347860415128,0.8432780866040398,0.8214870883339377,0.8496938135339835,0.8343226985524409,0.8389043589289902,0.8453276796265127,0.8457504878864365,1.0,-0.14858274749565542,-0.0693211116026129,0.5131641171116533,0.3679386719523609,0.821471917843048,0.9127269178228666,0.9435415326923798,0.7970794549419751,0.6588149945418288,0.5186032988885081,0.9522438615334053,0.9534512851398197,0.954959920255155,0.9548081004284762,0.9565922933785895,0.9535871245466955,0.9523508948320393,0.9501226588006001,0.6531719108807489,0.778926879580755,0.3637043549887576,0.8836759135482348,0.5172613878935702,0.9494554101467277,0.3062871051611128,-0.1427444418395372,-0.07946888297568078,0.5230897501874514,0.9490209342900873,0.9496089712517058,0.3630980692749289,-0.8750019744974649,-0.8395280600057842,0.5037310173504167,0.9576558448442819,0.32537701863539165,-0.9182554860975127,0.9561946265866786,0.34883811331307085,-0.9137580680833787,-0.8976237917717786,0.5126005851732285,0.9515018171507837,0.3588412020877644,0.43550378700827386,0.23371558807284296,0.6699011096847789,0.7124200378480269,0.40827689700836567,0.714884045573384,0.48914005082145334,0.6423941739166462,0.5261519357395261,0.2830875525844157,0.012282345365757117,-0.003995343330424846,0.0073787074785454255,0.4874795178688147,0.8133760278688624,0.7392966504935882,0.9316854312804171,0.43907174433561885,0.9656463997498113,0.8041579941631996,0.8957648159697882,0.2299551584882011,0.4610410136041269,0.3849517065943036,0.2236135574430523,0.5644847202661698,0.12581948461224135,-0.4736404627295269,0.3207873979475567,0.4611966957719858,0.9136235161463757,0.37583126171088826,0.012565201999628003,0.30313860698602996,0.42496681259071994,0.8998284744560582,0.7515334815203961,0.22947198430439603,-0.8147271931543116,-0.9154747733608227,-0.9196969207401622,-0.9210699913245914,0.4560575902631436,0.25126327230239787,0.49151890579970786,0.38127433808963884,0.9177927607912262,0.5406821354767296,0.2744575885802555,0.42995330224150263,0.8366936774203301,0.7931731584248781,0.7975481529340538,0.8064764679276835,0.5835808695835952,0.6185163675217598,0.1894639174498134,0.48588853953077804,0.7794518205205055,0.6271305307311588,0.3143843079501999,0.4867921700528615,0.3431741372755062,0.5041222776007244,0.36584982311708886,0.5263318074655734,0.9120435450757599,0.3840463067257452,0.7674597376709792,0.37060520135271896,0.5181319571935549,0.8868183104732359,0.9643725145625225,0.17986000018772624,0.3011854425160275,0.48405098816170206,0.5538467343068402,-0.40006270235711,0.4496683542744085,0.19373025209739167,0.5864053068427363,0.6699022403689451,0.9392683890030931,0.9372492703768918,0.8573597377377001,0.8798778306012328,0.26558094021001144,-0.5273554560469791,-0.9350959796331931,-0.5102425384889248,0.3881378527431715,0.059439568308800185,0.8614445661334883,0.8905664555596071,0.8592685583570908,0.9126352985123433
burner_perc_do_ar_total_,-0.09464102930425547,-0.09272877333795665,-0.08230389050599851,-0.12692441101625582,-0.10227405522473527,-0.0963313786043894,-0.11200273064844303,-0.09538553315693216,-0.14858274749565542,1.0,0.06535820896014038,-0.08182378659709548,-0.04664459553864315,-0.11814348378338069,-0.13356296954472766,-0.13836191489424435,-0.12046341825517544,-0.08967312985098005,-0.08201270534637982,-0.13992740285607627,-0.1395747467382872,-0.14056395715645864,-0.14074520538530041,-0.1413332789031356,-0.1396279456615569,-0.13842772623250135,-0.13895440697482594,-0.09103123088338357,-0.11339910066308648,-0.04622401567105406,-0.12712213356567825,-0.08221107488373057,-0.1387114833495306,-0.042453001810850426,0.01102537586743797,0.0015325680469214188,-0.08311841048637313,-0.138270192353656,-0.1389292556928484,-0.04590388341231003,0.12480512626449088,0.12191144359671528,-0.07757912609228901,-0.13903463214580397,-0.04382957263251014,0.12917154963413896,-0.13945760243031555,-0.04515629747395544,0.129827532294885,0.12619833621304644,-0.08146551919227149,-0.13889675031632034,-0.04553561057764672,-0.07142376871052265,-0.1828481313903677,-0.14001662195683018,-0.03136419447232234,-0.06057121261376492,-0.0459715992730617,-0.06789930733296091,-0.10436111265759758,-0.06357125905937196,-0.04117013540306593,-0.0024271956040261126,0.001211402633583977,-0.001989166428330177,-0.07667162775534582,-0.11927216687174347,-0.11449397993319788,-0.13697028631399757,-0.05551979407074084,-0.14125378432586772,-0.11258358575233857,-0.12961475668006892,-0.039791061168286124,-0.05947449210950867,-0.04484506945987658,-0.03190879785393333,-0.08764328717294283,-0.025842898958924703,0.01630521426425568,-0.007964515985390191,-0.07617640810155124,-0.10662726887726913,-0.040101958393789154,0.0042255070595318646,-0.0237177387660262,-0.06843629496515785,-0.11941809480017425,-0.08090472905879854,-0.037373778117271154,0.1111070954149935,0.12873724124588154,0.13016899085135641,0.13083536149644273,-0.06358036857779979,-0.039043691695718745,-0.07621929198993739,-0.052234541391552515,-0.13641256973189003,-0.24996607200379534,-0.06545968681941997,-0.07069408989264003,-0.12609499454190032,-0.12281089783112721,-0.10230101097291593,-0.11633088682898395,-0.09984327439924003,-0.06831978473365054,-0.060782591223434074,-0.06628341390038385,-0.13357349609610983,-0.09727308307821869,-0.01588770206660106,-0.08356857477209217,-0.04147237330928434,-0.07572010383303059,-0.045527440193125004,-0.08317683448796909,-0.12739294716812793,-0.0878854226423355,-0.06440450674452611,-0.040970509331421934,-0.0860304141039089,-0.13410814089173068,-0.12848262469593696,-0.027255914068506797,-0.05287136664147059,-0.073464447176453,-0.08780987927750582,-0.004703103678558825,-0.08951343088667578,0.0008924098383926879,-0.09932765943886476,-0.10036777706465295,-0.13327190228093994,-0.13147064354466254,-0.11838017321016456,-0.12295572433273018,-0.04260087753918438,0.10094724703427325,0.13103744573596948,0.045443666636753546,-0.0256118285834631,-0.04459176494493401,-0.09760731198929641,-0.13146703678603322,-0.10470772798402564,-0.13261647001207386
lower_perc_do_ar_total_,-0.060417486049144674,-0.058975162900749625,-0.058657730387434846,-0.09040603904488403,-0.07532061706488219,-0.06884442469516869,-0.06681416828243691,-0.07048857203652834,-0.0693211116026129,0.06535820896014038,1.0,-0.04808231821140982,-0.010824017980603333,-0.06056067426987793,-0.06930766339537367,-0.06691158487836155,-0.05731503814293018,-0.05702301246937088,-0.05016842475848656,-0.06342644272300237,-0.06596330254940659,-0.06292460911645553,-0.06416362235408438,-0.0638915768852266,-0.06511253034028214,-0.0661281125186297,-0.0658681161320896,-0.03609752199446323,-0.0572999474275841,-0.01451581232218909,-0.06434463373138892,-0.04967428531212252,-0.06677445061725296,-0.02653045659753359,-0.09717035431077967,-0.055648058498815794,-0.04997919697962027,-0.06616358028466393,-0.06670148766527981,-0.010714013730293983,0.04318327265056335,0.0530886297623261,-0.046518715787202965,-0.06303045277364794,-0.006858944341136293,0.05768775484835768,-0.0649252605743557,-0.00924010846837612,0.05635165848376069,0.05228957037715521,-0.04906854015996167,-0.06638658135195058,-0.010310724845832793,-0.04654657034433042,0.016312705794740825,-0.05181240475870128,-0.06767853738924734,-0.016989484157123695,-0.056352130572965974,-0.047945420371501214,-0.06052147540839969,-0.024795316728174692,-0.002068279436984909,-0.000217788514895589,-0.0005609756801440497,0.0003731068510000561,-0.04836121995877735,-0.05948243138031973,-0.06013165198680792,-0.06869338194336395,-0.019479539943713254,-0.0688046376472568,-0.05152046835509222,-0.06159302605862916,-0.023760173530991795,-0.01648567219071448,-0.009578848419077588,-0.004728017292110884,-0.04342983928168811,-0.019777963500772967,0.018834285375773613,-0.059056666939770096,-0.06021290083674443,-0.058971089989300673,-0.011489467792704775,-0.05639002862290652,-0.0567533157317533,-0.05591522484199571,-0.03523897597380274,-0.013777801585635373,0.0025376246960456448,0.04360822397195017,0.057598421545297304,0.057855275885221394,0.05994279806515302,-0.041012905581028304,0.0002900446912092737,-0.04599589954805119,-0.010763156327098568,-0.054189124321388796,0.07423884014090283,-0.03432312392980396,-0.038705610024520685,-0.05825503587796604,-0.059142657453512264,-0.06235069632437233,-0.044375488135051065,-0.0231403065965043,-0.04270926854125716,0.002062260895042626,-0.04589629680682325,-0.03971437118686726,-0.05805071727482594,-0.01014659084877109,-0.041633655896342533,-0.009603556657840729,-0.04494044746821164,-0.011351550744052306,-0.0520210142154603,-0.06537917794190583,-0.0010868945744183474,-0.07346485076695033,-0.012269535280386119,-0.04896983157306906,-0.0689196030397368,-0.05616017518552142,-0.023991056335976087,-0.03938538008782006,-0.03348396332552669,-0.05073502312407954,0.017309777496675165,-0.056434297102689705,-0.04971880383414373,-0.004784700989808503,-0.06140840321508307,-0.0636257050990066,-0.06278797124594042,-0.0544276538216311,-0.05719104302772873,0.000695229455466802,0.04652022182835904,0.0786917396534497,0.03891627461325204,-0.046211743373027914,0.024768471764380635,-0.060311142046423565,-0.09552045329591433,-0.06832210544884,-0.06554366105910742
coal_perc_do_ar_total_,0.3879035526781808,0.41437580978830835,0.34139668673452933,0.4833613935412652,0.4136461849183346,0.4641108269395839,0.4176123023215367,0.4522880724881498,0.5131641171116533,-0.08182378659709548,-0.04808231821140982,1.0,-0.5691449077073376,0.6497473040562889,0.6051014437057737,0.4658140258209207,0.09573845735651089,-0.03377292236335527,0.9980575832334283,0.501605289710993,0.5892678366371384,0.5045561310293625,0.559198667522416,0.5226314034609837,0.5504588414327178,0.5062947937805595,0.5160900588514848,-0.20426754690872598,0.3368315737595547,-0.5285851860036953,0.4853189333380109,0.9994743705824479,0.5620587627491762,-0.5940282541392035,-0.10347633524785031,0.5016201781462971,0.9994504832956798,0.5434234011521927,0.5552155541233095,-0.5731591990852267,-0.3103816147187724,-0.707249939475392,0.9949829223697676,0.5277920131267914,-0.6088722576055973,-0.5047598516445443,0.534114279530787,-0.5882298312549987,-0.4880248413047181,-0.35643822508784767,0.9991129358881062,0.5549219067761356,-0.5776462458727784,0.9915873695007114,0.13123610165769262,0.23845833655230314,0.4113131233218614,0.822694636162032,-0.023213778435448026,0.990271151965696,0.962209888435928,-0.38614791224634976,-0.6275236019830999,-0.009747178695648312,-0.005088382900138993,-0.003780267867239927,0.9370849935670316,0.5952482806267471,0.9131657623228833,0.5918205574118769,-0.4809873105425778,0.5093561809832308,-0.01152367528500559,0.3556709075221895,0.4124337067657051,-0.3250459623743555,-0.5109070594886307,-0.19287479439289448,0.927898090194035,-0.6435275432772498,-0.42101880209163334,0.8279508497086956,0.9393070404476165,0.6055177778905577,-0.511885081239484,-0.06575605451767812,0.8059577838900547,0.932960351610509,0.6037153988939509,-0.06005555911374963,-0.6786051776073765,-0.19463499623493022,-0.5104775415145194,-0.48945111541012976,-0.5062066108887022,0.9863953503060755,-0.6626794413575038,0.9942418037395425,-0.5583802454506186,0.44399205152985266,0.09062740085935497,0.17478005124896395,0.6908078998274149,0.35076667755972735,0.558570781062849,0.7231356051842089,0.2587517406375342,-0.23738431989481873,0.2871205060258536,0.09047164487172044,0.9532828441329734,-0.05804236197103704,0.9726808926016348,-0.59233245341919,0.9862561043605426,-0.5897333951041527,0.9949993813980909,-0.5710153345761353,0.9875321655334538,0.46153485274571066,-0.5127932920081711,0.7840916785021641,-0.5535452687877733,0.9869712241800586,0.8305719539578835,0.39798068578930446,-0.506787173285154,0.6685868613875602,0.2520284669708301,0.9374823211708163,-0.6796132946805946,0.2376426839959095,0.9016476728318975,-0.17785964066090088,0.970326996867286,0.43914828266977785,0.3967719155816951,0.1380263438882615,0.2537335479969563,-0.6396521262020948,-0.9799701705763757,-0.4909065749132962,0.40597709490967054,0.9436815053810773,-0.7494889530840826,0.4105404183154349,0.4746300978052903,0.44455657150104083,0.5139943396012789
