,differential_prs_of_furnace_a_kpa,differential_prs_of_furnace_b_kpa,esp_comb_with_ff_a_inl_prs_1_kpa,esp_comb_with_ff_a_inl_prs_2_kpa,esp_comb_with_ff_b_inl_prs_1_kpa,esp_comb_with_ff_b_inl_prs_2_kpa,esp_comb_with_ff_b_outl_prs_kpa,id_fan_a_outlet_pressure_kpa,id_fan_b_outlet_pressure_kpa,lms_pdr_bin_flud_blwr_ol_prs_kpa,press_2_3_of_furnace_b_bed_kpa,pressure_1_of_furnace_a_bed_kpa,pressure_1_of_furnace_b_bed_kpa,pressure_3_of_furnace_bed_kpa,pressure_of_furnace_a_lower_kpa,pressure_of_furnace_b_lower_kpa,pressure_of_sa_fan_a_outlet_kpa,pressure_of_sa_fan_b_outlet_kpa,prs_air_in_stm_aph_paf_a_outl_kpa,prs_air_in_stm_aph_paf_b_outl_kpa,prs_hot_pri_air_in_aph_outl_kpa,prs_hot_sa_saf_a_in_aph_outl_kpa,prs_of_condensate_pump_a_inlet_kpa,prs_of_condensate_pump_b_inlet_kpa,prs_of_gas_in_aph_outlet_kpa,prs_of_gas_in_ecmz_side_b_outl_kpa,prs_of_gas_in_ltr_side_a_inlet_kpa,prs_of_gas_in_ltr_side_a_outl_kpa,prs_of_gas_in_ltr_side_b_inlet_kpa,prs_of_gas_in_ltr_side_b_outl_kpa,prs_of_hpfa_fan_a_outlet_head_kpa,prs_of_hpfa_fan_b_outlet_head_kpa,prs_of_hpfa_fan_c_outlet_head_kpa,prs_of_hpfa_fan_outl_head_pipe_kpa,u_valve_a_inlet_static_prs_kpa,u_valve_b_inlet_static_prs_kpa,u_valve_c_inlet_static_prs_kpa,vacuum_pres_from_tcs_kpa
differential_prs_of_furnace_a_kpa,0.0,0.49480351108254567,0.9878482101428262,0.5141369158819636,0.5185723771841925,0.4976355676227651,0.2049315171186913,0.8324462627378253,0.8109352889407139,0.9710387356215366,0.10628663039882104,0.609770790219977,0.023685225008997113,0.4696076854742218,0.6545571554101961,0.998626028889887,0.4135149423268683,0.3651446883356565,3.043626939805767e-05,0.5150841466417331,0.45408859313266414,0.9998301408317285,0.49628545001730817,0.38467758086686105,0.9950968129014407,0.5128790132299034,0.9996164919896889,0.3667409552425401,0.992413831248481,0.49638571760400524,0.7246758682644366,0.29006682696293573,0.9544707545930747,0.9744452023038342,0.32049314928845807,0.7123574381305984,0.9957645845226317,0.9864263008049161
differential_prs_of_furnace_b_kpa,0.49480351108254567,0.0,0.43003954937749045,0.9478816346365545,0.9460226204251333,0.9470416058369366,0.8389283764014379,0.31620274082604205,0.30629581428707836,0.6453285886786854,0.7611729900245955,0.8938581552753302,0.7215023773904207,0.8695350247844451,0.8431072751608981,0.499180408568427,0.28096048085595887,0.9200537223150821,0.7902044284222141,0.9172285791912259,0.8382351421230148,0.49847237743239214,0.8901162017166695,0.49590790510853977,0.46561698404346386,0.9549786731912074,0.48758513318936253,0.9429674115666068,0.4247806833694086,0.9570146729469088,0.7196107396559188,0.5425759264227532,0.43590112711180623,0.6253085847691929,0.923376539342883,0.8808705987920394,0.47670280618533106,0.4674695788678953
esp_comb_with_ff_a_inl_prs_1_kpa,0.9878482101428262,0.43003954937749045,0.0,0.4497686995559896,0.4548818824176603,0.43265422938246906,0.14388954835250292,0.8537359417160849,0.8322875197932089,0.9489903501251561,0.04062549808970841,0.5519827568168278,0.09638029401701823,0.40644495330574953,0.600088362133452,0.986437931477323,0.4134242300122017,0.2931258621417402,0.0727815633829867,0.44994451507137556,0.4349552653040128,0.9872170281040058,0.43288632340862604,0.4293437251808513,0.9950694595556963,0.44959978315363586,0.9893759560097479,0.29957668296356804,0.9845829808291888,0.4317160660491276,0.7049033359270958,0.27521010804963275,0.9685134704567557,0.9462128714428142,0.255924798279885,0.6694006889747828,0.9937553161180321,0.981102785132698
esp_comb_with_ff_a_inl_prs_2_kpa,0.5141369158819636,0.9478816346365545,0.4497686995559896,0.0,0.9968205174563437,0.9993421686218722,0.8907311172835759,0.34878856675251774,0.32698605649527,0.6670340431785721,0.7994467272266375,0.9222254559554356,0.6958706711257575,0.9149833110571237,0.8724063758956894,0.5156706204792018,0.17760326723424902,0.9593571796678642,0.8238882036102277,0.9691365168541419,0.891511534096313,0.5197685595437828,0.9268725546114509,0.5226497392761271,0.47985743501226374,0.9984681361233347,0.5086223742988805,0.9836536675910936,0.43805072246967675,0.9975076983094632,0.7512072072517979,0.5985143636497511,0.45293029541611185,0.6536624667742695,0.9522618805092535,0.9103946308758263,0.4915090592228354,0.48897598549173177
esp_comb_with_ff_b_inl_prs_1_kpa,0.5185723771841925,0.9460226204251333,0.4548818824176603,0.9968205174563437,0.0,0.9967815893300916,0.8850344900884402,0.35440885003316497,0.33441734878109464,0.6706964370554049,0.7950570185497129,0.9238645346544595,0.6944429084114415,0.9092240302155923,0.8728632104270799,0.5203450434647023,0.18791579497231414,0.9497792915692952,0.817761531545674,0.9663271002559666,0.8880806215246357,0.5240572135411848,0.9218399643545255,0.5131507683343522,0.48458450341786735,0.9962835510437271,0.5131098323403844,0.9802688129136262,0.44329723642928426,0.9951657977575388,0.7503212901359174,0.5982355134808294,0.45643323728009505,0.6571609583694815,0.951954347892156,0.9205383129231415,0.4960194333061565,0.5018307731795597
esp_comb_with_ff_b_inl_prs_2_kpa,0.4976355676227651,0.9470416058369366,0.43265422938246906,0.9993421686218722,0.9967815893300916,0.0,0.8974072527572423,0.33335767326821847,0.3110916443398327,0.6527587143748129,0.8066624198078188,0.9193991169714766,0.7040695093195687,0.9148957204521663,0.8688078988748411,0.4990197887843994,0.17366823697032163,0.9621104481450857,0.833237057957837,0.9684487444639928,0.8908878684250818,0.503372881499938,0.9262987783645431,0.5366454006245067,0.4629142704710531,0.9981071311664012,0.492050839459057,0.9865670540293325,0.4206137543367535,0.9975123931417502,0.7433133584336228,0.6012401655912858,0.4367569717604652,0.6389361768505023,0.9560150433531317,0.9051731904619483,0.47464771948756224,0.4745677295077954
esp_comb_with_ff_b_outl_prs_kpa,0.2049315171186913,0.8389283764014379,0.14388954835250292,0.8907311172835759,0.8850344900884402,0.8974072527572423,0.0,0.07847235658534925,0.05430027534324356,0.37929424818442586,0.8553162291482002,0.7872344497213848,0.7632760600174802,0.8389403818421823,0.7422113525958806,0.19999957760797651,0.15312431354244962,0.9082674830474213,0.8944786225859177,0.8619672350182347,0.7972669884712765,0.2130644004199624,0.8362576306434816,0.7135978682901408,0.1682136179724647,0.8866058454940846,0.1996328775419634,0.9285153264808333,0.11791229158443954,0.8910626201082946,0.5569506140810242,0.6687770594950873,0.16542995404756022,0.3543749330184331,0.913462576152992,0.7475701060626534,0.17881410269237047,0.18858730601621332
id_fan_a_outlet_pressure_kpa,0.8324462627378253,0.31620274082604205,0.8537359417160849,0.34878856675251774,0.35440885003316497,0.33335767326821847,0.07847235658534925,0.0,0.8800235679047866,0.792669162620338,0.014377640949540521,0.43429248912195845,0.15735357714417333,0.29453047710061037,0.48182489646747895,0.8313574838992575,0.3090432384916145,0.19848206691483022,0.12134016538186929,0.3415579688206628,0.39851406575787884,0.8311319840583107,0.31957149516997085,0.3871564561943946,0.8372811612017628,0.3478980718900665,0.8340471384613892,0.21130768867896352,0.837891694251467,0.3292215426033636,0.5768856743612735,0.2390898530361413,0.8304629646345623,0.8025921693240247,0.1594384093290864,0.5443592575157546,0.8347070899257195,0.7982515007447218
id_fan_b_outlet_pressure_kpa,0.8109352889407139,0.30629581428707836,0.8322875197932089,0.32698605649527,0.33441734878109464,0.3110916443398327,0.05430027534324356,0.8800235679047866,0.0,0.7703535878795411,0.017369886155515272,0.40361872519071434,0.16465828175672206,0.26540091795744253,0.44607553991151266,0.8118679535040996,0.321184702483804,0.1830941462654439,0.12953500445902622,0.3154140979234929,0.41601783466797854,0.8088867943103395,0.29369275604572587,0.38712088903306807,0.8180478794987867,0.328160076904901,0.8118467737424699,0.1941640900462551,0.8189402817832,0.30998185017332763,0.5595396982890387,0.19836900471846364,0.8112517631047396,0.777252283935953,0.1459691107665936,0.5173782494997885,0.8154138639436227,0.7786579460288986
lms_pdr_bin_flud_blwr_ol_prs_kpa,0.9710387356215366,0.6453285886786854,0.9489903501251561,0.6670340431785721,0.6706964370554049,0.6527587143748129,0.37929424818442586,0.792669162620338,0.7703535878795411,0.0,0.2961784310400994,0.7413490455323778,0.14310407917773943,0.6214539348199108,0.7598368239589725,0.9713706247671816,0.40471894538237657,0.5341250599319164,0.2033722862993447,0.667219042762044,0.6098218515874788,0.972358536378024,0.6468505143501654,0.19528192515168669,0.9630824542328322,0.6666827648268945,0.9701181693868788,0.5394415531634038,0.9476281003933803,0.6520075813739129,0.8052404465169578,0.3917212285850495,0.9255295353447525,0.9803942816557655,0.4975608112398794,0.8187032173175929,0.9660164923440028,0.94159533868302
press_2_3_of_furnace_b_bed_kpa,0.10628663039882104,0.7611729900245955,0.04062549808970841,0.7994467272266375,0.7950570185497129,0.8066624198078188,0.8553162291482002,0.014377640949540521,0.017369886155515272,0.2961784310400994,0.0,0.7460275893728757,0.7616612902221187,0.8548865218629128,0.6806798508775583,0.10443336004085402,0.0076300415252341805,0.8314638143671587,0.9059427569326441,0.825649209959915,0.7852483276308526,0.1142371151326283,0.809254744199006,0.7657358393008179,0.07075721075991993,0.7954280495001133,0.10176572243030665,0.843597331222005,0.024841398460336783,0.7987008463629064,0.4961367415404179,0.5828205913173962,0.05784505183349554,0.2583281532890315,0.8320480478976188,0.6312803097530442,0.08200758414650453,0.08790360602830101
pressure_1_of_furnace_a_bed_kpa,0.609770790219977,0.8938581552753302,0.5519827568168278,0.9222254559554356,0.9238645346544595,0.9193991169714766,0.7872344497213848,0.43429248912195845,0.40361872519071434,0.7413490455323778,0.7460275893728757,0.0,0.6076759741594614,0.9224846250881997,0.8906092559708864,0.6104441478093335,0.2463629442171571,0.8698296034950196,0.7158115044759382,0.9393505458777651,0.8763573987071731,0.6154733455034694,0.9098838206807442,0.4071380717943293,0.5821981900447832,0.921090364577674,0.6056674845322664,0.885149596936704,0.5345083085368452,0.9156804733164564,0.7925777920939525,0.5697110816721054,0.5732310007749756,0.7038210572114754,0.854591278905405,0.890028641889563,0.5924153188992706,0.6158978655425568
pressure_1_of_furnace_b_bed_kpa,0.023685225008997113,0.7215023773904207,0.09638029401701823,0.6958706711257575,0.6944429084114415,0.7040695093195687,0.7632760600174802,0.15735357714417333,0.16465828175672206,0.14310407917773943,0.7616612902221187,0.6076759741594614,0.0,0.6780557201913117,0.5356861705482449,0.022200171767033507,0.009463731146992444,0.7481180478852192,0.828900075678735,0.6857396853324916,0.5748938589553312,0.018483678735135206,0.6967952415933701,0.7561221838684221,0.0594096472372573,0.6962689454129166,0.030631800837112387,0.7620479722625734,0.09299312609801319,0.7058448866314294,0.3513560925615866,0.43174480239346097,0.08189797213183779,0.12869483962279418,0.7644460869342683,0.5176969991921309,0.047597871273999774,0.03555390642785422
pressure_3_of_furnace_bed_kpa,0.4696076854742218,0.8695350247844451,0.40644495330574953,0.9149833110571237,0.9092240302155923,0.9148957204521663,0.8389403818421823,0.29453047710061037,0.26540091795744253,0.6214539348199108,0.8548865218629128,0.9224846250881997,0.6780557201913117,0.0,0.8384699085306664,0.4694883575433263,0.1720194575711651,0.8991373182105041,0.8189269909062039,0.9569400384842953,0.8929757774902483,0.47660483434113265,0.9261592874490068,0.549404288143453,0.43787307676808124,0.9105999971273369,0.4648620374118994,0.898511766547948,0.38771493074511293,0.9069415404961522,0.7493487188337685,0.622187826867845,0.4265833910733804,0.5873186446741462,0.8734912059916435,0.8208663455023162,0.449877453570493,0.43474523247367836
pressure_of_furnace_a_lower_kpa,0.6545571554101961,0.8431072751608981,0.600088362133452,0.8724063758956894,0.8728632104270799,0.8688078988748411,0.7422113525958806,0.48182489646747895,0.44607553991151266,0.7598368239589725,0.6806798508775583,0.8906092559708864,0.5356861705482449,0.8384699085306664,0.0,0.6521120651272903,0.24193927446969216,0.7988253934281778,0.6099960897760782,0.8616777888859348,0.7720922232931823,0.6606063170567495,0.8314686021459734,0.28961591052521485,0.6228560970985922,0.8681466482399689,0.6517008297237628,0.822208446213009,0.595007537523264,0.862638660127927,0.7385523110060483,0.5643045045090713,0.5904564837166357,0.7488722025682713,0.779666017710565,0.8792559260891708,0.6307015973714187,0.6190279126363746
pressure_of_furnace_b_lower_kpa,0.998626028889887,0.499180408568427,0.986437931477323,0.5156706204792018,0.5203450434647023,0.4990197887843994,0.19999957760797651,0.8313574838992575,0.8118679535040996,0.9713706247671816,0.10443336004085402,0.6104441478093335,0.022200171767033507,0.4694883575433263,0.6521120651272903,0.0,0.4166644571790094,0.3683095025888559,0.0023342716832801245,0.5159734695034132,0.4538789576449985,0.9984474943692715,0.49683804243669105,0.3842629652532788,0.9948201581903628,0.5150633242654649,0.9984528998586815,0.3682788104473116,0.992570582958025,0.49867628946202314,0.7272704923679515,0.2726886867904135,0.9537390555019591,0.9747281293200597,0.3220663437484361,0.7109028123763143,0.9957074414491857,0.9861026581136624
pressure_of_sa_fan_a_outlet_kpa,0.4135149423268683,0.28096048085595887,0.4134242300122017,0.17760326723424902,0.18791579497231414,0.17366823697032163,0.15312431354244962,0.3090432384916145,0.321184702483804,0.40471894538237657,0.0076300415252341805,0.2463629442171571,0.009463731146992444,0.1720194575711651,0.24193927446969216,0.4166644571790094,0.0,0.1851355600012991,0.024977118818324977,0.17269663765896143,0.19474448337458514,0.41338623009418585,0.20396935060495416,0.16575517191824582,0.4254616845360173,0.19375487873355005,0.4073790122482077,0.14183728805754153,0.4020854371833932,0.19202079875889438,0.31532992071711785,0.2243562712085964,0.4632193952736943,0.3662303360465908,0.1404563966158504,0.297297177014637,0.4238536637131201,0.41104218006922577
pressure_of_sa_fan_b_outlet_kpa,0.3651446883356565,0.9200537223150821,0.2931258621417402,0.9593571796678642,0.9497792915692952,0.9621104481450857,0.9082674830474213,0.19848206691483022,0.1830941462654439,0.5341250599319164,0.8314638143671587,0.8698296034950196,0.7481180478852192,0.8991373182105041,0.7988253934281778,0.3683095025888559,0.1851355600012991,0.0,0.8893173533211151,0.9252663607119783,0.8607558129176753,0.371954089438983,0.9168505695000794,0.6417891845638104,0.3308710585659971,0.9577453278950316,0.3586764115588812,0.9692820591853156,0.28133362370623954,0.959561760332071,0.6974395314336371,0.5688379118121986,0.3105453927268088,0.5087698833295938,0.9386385701618397,0.795991632764269,0.3433801926194214,0.3328856127326933
prs_air_in_stm_aph_paf_a_outl_kpa,3.043626939805767e-05,0.7902044284222141,0.0727815633829867,0.8238882036102277,0.817761531545674,0.833237057957837,0.8944786225859177,0.12134016538186929,0.12953500445902622,0.2033722862993447,0.9059427569326441,0.7158115044759382,0.828900075678735,0.8189269909062039,0.6099960897760782,0.0023342716832801245,0.024977118818324977,0.8893173533211151,0.0,0.8324772129931718,0.7768667539885297,0.0072569060204346605,0.8088824929927829,0.8622657996690929,0.03546551784049714,0.8226706315978715,0.006665273259663442,0.8922697453259044,0.08855227897373752,0.8297983266729686,0.4751646224784016,0.5352483598597317,0.039340525228250905,0.16606931904476496,0.8904940597904842,0.5998435542238159,0.02239471143931968,0.016298977012039823
prs_air_in_stm_aph_paf_b_outl_kpa,0.5150841466417331,0.9172285791912259,0.44994451507137556,0.9691365168541419,0.9663271002559666,0.9684487444639928,0.8619672350182347,0.3415579688206628,0.3154140979234929,0.667219042762044,0.825649209959915,0.9393505458777651,0.6857396853324916,0.9569400384842953,0.8616777888859348,0.5159734695034132,0.17269663765896143,0.9252663607119783,0.8324772129931718,0.0,0.9171549838242472,0.5208432197227346,0.9453751432564499,0.5293097245321616,0.4821005010500749,0.9650444364633416,0.5100208556306082,0.947204989607322,0.43554230486078405,0.9614924702007015,0.7705082240690004,0.6202784815239416,0.46364334119715994,0.6428798780274444,0.9170109482508877,0.8808138427261918,0.4946450731459675,0.4875965064691026
prs_hot_pri_air_in_aph_outl_kpa,0.45408859313266414,0.8382351421230148,0.4349552653040128,0.891511534096313,0.8880806215246357,0.8908878684250818,0.7972669884712765,0.39851406575787884,0.41601783466797854,0.6098218515874788,0.7852483276308526,0.8763573987071731,0.5748938589553312,0.8929757774902483,0.7720922232931823,0.4538789576449985,0.19474448337458514,0.8607558129176753,0.7768667539885297,0.9171549838242472,0.0,0.459962158204659,0.8943527969049758,0.537682291076812,0.447598307185119,0.8922773775152526,0.4522410798377061,0.8765709650138745,0.36651788803177604,0.8862730545048001,0.7748001284031274,0.6163859372271986,0.4751796810482043,0.5461188538613273,0.8592757158061425,0.8154370791093191,0.4550741271512503,0.4256238988162621
prs_hot_sa_saf_a_in_aph_outl_kpa,0.9998301408317285,0.49847237743239214,0.9872170281040058,0.5197685595437828,0.5240572135411848,0.503372881499938,0.2130644004199624,0.8311319840583107,0.8088867943103395,0.972358536378024,0.1142371151326283,0.6154733455034694,0.018483678735135206,0.47660483434113265,0.6606063170567495,0.9984474943692715,0.41338623009418585,0.371954089438983,0.0072569060204346605,0.5208432197227346,0.459962158204659,0.0,0.5027626019859618,0.37759967894512375,0.99458281274617,0.518277685207109,0.9995704403124148,0.37285823021109343,0.9912760006547057,0.5017907616899965,0.7283239946189476,0.2960200967656087,0.9540341665219834,0.9751763018662921,0.32622640562849253,0.7160696479384137,0.9953160917005696,0.9853324021734805
prs_of_condensate_pump_a_inlet_kpa,0.49628545001730817,0.8901162017166695,0.43288632340862604,0.9268725546114509,0.9218399643545255,0.9262987783645431,0.8362576306434816,0.31957149516997085,0.29369275604572587,0.6468505143501654,0.809254744199006,0.9098838206807442,0.6967952415933701,0.9261592874490068,0.8314686021459734,0.49683804243669105,0.20396935060495416,0.9168505695000794,0.8088824929927829,0.9453751432564499,0.8943527969049758,0.5027626019859618,0.0,0.5858992718377286,0.46913967852242217,0.9248879789563804,0.4918511732328356,0.9104977788631117,0.412695276588995,0.9216850007922062,0.7638132137918547,0.6023952537599159,0.4501293962425934,0.6050326172163007,0.8852930940491556,0.8346142128379328,0.48042847705630515,0.46050412208558295
prs_of_condensate_pump_b_inlet_kpa,0.38467758086686105,0.49590790510853977,0.4293437251808513,0.5226497392761271,0.5131507683343522,0.5366454006245067,0.7135978682901408,0.3871564561943946,0.38712088903306807,0.19528192515168669,0.7657358393008179,0.4071380717943293,0.7561221838684221,0.549404288143453,0.28961591052521485,0.3842629652532788,0.16575517191824582,0.6417891845638104,0.8622657996690929,0.5293097245321616,0.537682291076812,0.37759967894512375,0.5858992718377286,0.0,0.40752621377774884,0.5225375024051794,0.38903945690397546,0.6407817488265979,0.4667741413552749,0.5332239878177762,0.16079540335935777,0.4013141171499588,0.38117586081987354,0.24083266207017845,0.6545487958456229,0.24992416744443843,0.39751860334495465,0.4371274482648172
prs_of_gas_in_aph_outlet_kpa,0.9950968129014407,0.46561698404346386,0.9950694595556963,0.47985743501226374,0.48458450341786735,0.4629142704710531,0.1682136179724647,0.8372811612017628,0.8180478794987867,0.9630824542328322,0.07075721075991993,0.5821981900447832,0.0594096472372573,0.43787307676808124,0.6228560970985922,0.9948201581903628,0.4254616845360173,0.3308710585659971,0.03546551784049714,0.4821005010500749,0.447598307185119,0.99458281274617,0.46913967852242217,0.40752621377774884,0.0,0.4797825086260157,0.9960514585641346,0.33130578770295294,0.9895121904895443,0.4627009296211613,0.7199345600737163,0.2733291699133875,0.9654457655845505,0.9579972039510337,0.2883630753561837,0.6873308513157808,0.9995435939554996,0.9874673083870183
prs_of_gas_in_ecmz_side_b_outl_kpa,0.5128790132299034,0.9549786731912074,0.44959978315363586,0.9984681361233347,0.9962835510437271,0.9981071311664012,0.8866058454940846,0.3478980718900665,0.328160076904901,0.6666827648268945,0.7954280495001133,0.921090364577674,0.6962689454129166,0.9105999971273369,0.8681466482399689,0.5150633242654649,0.19375487873355005,0.9577453278950316,0.8226706315978715,0.9650444364633416,0.8922773775152526,0.518277685207109,0.9248879789563804,0.5225375024051794,0.4797825086260157,0.0,0.5071389188015107,0.9853043688509441,0.4367356398101889,0.9995074839993174,0.7503797920421358,0.5891959258224918,0.4541672092064102,0.6508333823074309,0.9575567134009221,0.9139323682327721,0.49144900105907563,0.48959573438430226
prs_of_gas_in_ltr_side_a_inlet_kpa,0.9996164919896889,0.48758513318936253,0.9893759560097479,0.5086223742988805,0.5131098323403844,0.492050839459057,0.1996328775419634,0.8340471384613892,0.8118467737424699,0.9701181693868788,0.10176572243030665,0.6056674845322664,0.030631800837112387,0.4648620374118994,0.6517008297237628,0.9984528998586815,0.4073790122482077,0.3586764115588812,0.006665273259663442,0.5100208556306082,0.4522410798377061,0.9995704403124148,0.4918511732328356,0.38903945690397546,0.9960514585641346,0.5071389188015107,0.0,0.36058444861169103,0.9928506276293906,0.4903718270560274,0.7233555166948259,0.28989569670444226,0.9559592748043,0.9727203364230461,0.3144632155978705,0.7088020631127748,0.9965122980794316,0.9871047276169177
prs_of_gas_in_ltr_side_a_outl_kpa,0.3667409552425401,0.9429674115666068,0.29957668296356804,0.9836536675910936,0.9802688129136262,0.9865670540293325,0.9285153264808333,0.21130768867896352,0.1941640900462551,0.5394415531634038,0.843597331222005,0.885149596936704,0.7620479722625734,0.898511766547948,0.822208446213009,0.3682788104473116,0.14183728805754153,0.9692820591853156,0.8922697453259044,0.947204989607322,0.8765709650138745,0.37285823021109343,0.9104977788631117,0.6407817488265979,0.33130578770295294,0.9853043688509441,0.36058444861169103,0.0,0.2839478868013867,0.9884218651658712,0.6760602299001516,0.5974438681190614,0.31106622602631845,0.5189472474960138,0.9795843307353885,0.8588961577029119,0.34361481765159013,0.3520867663056758
prs_of_gas_in_ltr_side_b_inlet_kpa,0.992413831248481,0.4247806833694086,0.9845829808291888,0.43805072246967675,0.44329723642928426,0.4206137543367535,0.11791229158443954,0.837891694251467,0.8189402817832,0.9476281003933803,0.024841398460336783,0.5345083085368452,0.09299312609801319,0.38771493074511293,0.595007537523264,0.992570582958025,0.4020854371833932,0.28133362370623954,0.08855227897373752,0.43554230486078405,0.36651788803177604,0.9912760006547057,0.412695276588995,0.4667741413552749,0.9895121904895443,0.4367356398101889,0.9928506276293906,0.2839478868013867,0.0,0.4200035460746273,0.6693005335485824,0.22498971776731985,0.9432839118770073,0.9613667843721952,0.236643166932099,0.6536305689207775,0.9889927995741398,0.9907223264065165
prs_of_gas_in_ltr_side_b_outl_kpa,0.49638571760400524,0.9570146729469088,0.4317160660491276,0.9975076983094632,0.9951657977575388,0.9975123931417502,0.8910626201082946,0.3292215426033636,0.30998185017332763,0.6520075813739129,0.7987008463629064,0.9156804733164564,0.7058448866314294,0.9069415404961522,0.862638660127927,0.49867628946202314,0.19202079875889438,0.959561760332071,0.8297983266729686,0.9614924702007015,0.8862730545048001,0.5017907616899965,0.9216850007922062,0.5332239878177762,0.4627009296211613,0.9995074839993174,0.4903718270560274,0.9884218651658712,0.4200035460746273,0.0,0.7389586213884862,0.585032479118394,0.4359524384758158,0.6366806587009193,0.9623736628870622,0.9091851105963881,0.4744798250192904,0.47493655687245706
prs_of_hpfa_fan_a_outlet_head_kpa,0.7246758682644366,0.7196107396559188,0.7049033359270958,0.7512072072517979,0.7503212901359174,0.7433133584336228,0.5569506140810242,0.5768856743612735,0.5595396982890387,0.8052404465169578,0.4961367415404179,0.7925777920939525,0.3513560925615866,0.7493487188337685,0.7385523110060483,0.7272704923679515,0.31532992071711785,0.6974395314336371,0.4751646224784016,0.7705082240690004,0.7748001284031274,0.7283239946189476,0.7638132137918547,0.16079540335935777,0.7199345600737163,0.7503797920421358,0.7233555166948259,0.6760602299001516,0.6693005335485824,0.7389586213884862,0.0,0.42478651935272776,0.6974327169588307,0.7683886456241948,0.6509739969812047,0.7910500260417563,0.7252377950945988,0.6785797368945712
prs_of_hpfa_fan_b_outlet_head_kpa,0.29006682696293573,0.5425759264227532,0.27521010804963275,0.5985143636497511,0.5982355134808294,0.6012401655912858,0.6687770594950873,0.2390898530361413,0.19836900471846364,0.3917212285850495,0.5828205913173962,0.5697110816721054,0.43174480239346097,0.622187826867845,0.5643045045090713,0.2726886867904135,0.2243562712085964,0.5688379118121986,0.5352483598597317,0.6202784815239416,0.6163859372271986,0.2960200967656087,0.6023952537599159,0.4013141171499588,0.2733291699133875,0.5891959258224918,0.28989569670444226,0.5974438681190614,0.22498971776731985,0.585032479118394,0.42478651935272776,0.0,0.30249181414558834,0.36164561312027055,0.5771867364830806,0.5765403074600417,0.2767675082719282,0.2516255235780093
prs_of_hpfa_fan_c_outlet_head_kpa,0.9544707545930747,0.43590112711180623,0.9685134704567557,0.45293029541611185,0.45643323728009505,0.4367569717604652,0.16542995404756022,0.8304629646345623,0.8112517631047396,0.9255295353447525,0.05784505183349554,0.5732310007749756,0.08189797213183779,0.4265833910733804,0.5904564837166357,0.9537390555019591,0.4632193952736943,0.3105453927268088,0.039340525228250905,0.46364334119715994,0.4751796810482043,0.9540341665219834,0.4501293962425934,0.38117586081987354,0.9654457655845505,0.4541672092064102,0.9559592748043,0.31106622602631845,0.9432839118770073,0.4359524384758158,0.6974327169588307,0.30249181414558834,0.0,0.9051308002548311,0.2715009747610987,0.6621630572985115,0.9642848164155281,0.9462534666047122
prs_of_hpfa_fan_outl_head_pipe_kpa,0.9744452023038342,0.6253085847691929,0.9462128714428142,0.6536624667742695,0.6571609583694815,0.6389361768505023,0.3543749330184331,0.8025921693240247,0.777252283935953,0.9803942816557655,0.2583281532890315,0.7038210572114754,0.12869483962279418,0.5873186446741462,0.7488722025682713,0.9747281293200597,0.3662303360465908,0.5087698833295938,0.16606931904476496,0.6428798780274444,0.5461188538613273,0.9751763018662921,0.6050326172163007,0.24083266207017845,0.9579972039510337,0.6508333823074309,0.9727203364230461,0.5189472474960138,0.9613667843721952,0.6366806587009193,0.7683886456241948,0.36164561312027055,0.9051308002548311,0.0,0.46834507401714953,0.8063357472765881,0.9610040124824224,0.939736004014463
u_valve_a_inlet_static_prs_kpa,0.32049314928845807,0.923376539342883,0.255924798279885,0.9522618805092535,0.951954347892156,0.9560150433531317,0.913462576152992,0.1594384093290864,0.1459691107665936,0.4975608112398794,0.8320480478976188,0.854591278905405,0.7644460869342683,0.8734912059916435,0.779666017710565,0.3220663437484361,0.1404563966158504,0.9386385701618397,0.8904940597904842,0.9170109482508877,0.8592757158061425,0.32622640562849253,0.8852930940491556,0.6545487958456229,0.2883630753561837,0.9575567134009221,0.3144632155978705,0.9795843307353885,0.236643166932099,0.9623736628870622,0.6509739969812047,0.5771867364830806,0.2715009747610987,0.46834507401714953,0.0,0.8448117108007436,0.3002365429894896,0.32327881621428656
u_valve_b_inlet_static_prs_kpa,0.7123574381305984,0.8808705987920394,0.6694006889747828,0.9103946308758263,0.9205383129231415,0.9051731904619483,0.7475701060626534,0.5443592575157546,0.5173782494997885,0.8187032173175929,0.6312803097530442,0.890028641889563,0.5176969991921309,0.8208663455023162,0.8792559260891708,0.7109028123763143,0.297297177014637,0.795991632764269,0.5998435542238159,0.8808138427261918,0.8154370791093191,0.7160696479384137,0.8346142128379328,0.24992416744443843,0.6873308513157808,0.9139323682327721,0.7088020631127748,0.8588961577029119,0.6536305689207775,0.9091851105963881,0.7910500260417563,0.5765403074600417,0.6621630572985115,0.8063357472765881,0.8448117108007436,0.0,0.6948981502397982,0.6880368634728632
u_valve_c_inlet_static_prs_kpa,0.9957645845226317,0.47670280618533106,0.9937553161180321,0.4915090592228354,0.4960194333061565,0.47464771948756224,0.17881410269237047,0.8347070899257195,0.8154138639436227,0.9660164923440028,0.08200758414650453,0.5924153188992706,0.047597871273999774,0.449877453570493,0.6307015973714187,0.9957074414491857,0.4238536637131201,0.3433801926194214,0.02239471143931968,0.4946450731459675,0.4550741271512503,0.9953160917005696,0.48042847705630515,0.39751860334495465,0.9995435939554996,0.49144900105907563,0.9965122980794316,0.34361481765159013,0.9889927995741398,0.4744798250192904,0.7252377950945988,0.2767675082719282,0.9642848164155281,0.9610040124824224,0.3002365429894896,0.6948981502397982,0.0,0.9864053765534689
vacuum_pres_from_tcs_kpa,0.9864263008049161,0.4674695788678953,0.981102785132698,0.48897598549173177,0.5018307731795597,0.4745677295077954,0.18858730601621332,0.7982515007447218,0.7786579460288986,0.94159533868302,0.08790360602830101,0.6158978655425568,0.03555390642785422,0.43474523247367836,0.6190279126363746,0.9861026581136624,0.41104218006922577,0.3328856127326933,0.016298977012039823,0.4875965064691026,0.4256238988162621,0.9853324021734805,0.46050412208558295,0.4371274482648172,0.9874673083870183,0.48959573438430226,0.9871047276169177,0.3520867663056758,0.9907223264065165,0.47493655687245706,0.6785797368945712,0.2516255235780093,0.9462534666047122,0.939736004014463,0.32327881621428656,0.6880368634728632,0.9864053765534689,0.0
